1732248678692 5.364078917001423 1
1732248699529 2.4951621492703757 2
1732248720220 1.6982750599844414 3
1732248742368 1.6133435399908769 4
1732248764174 1.5186598687841182 5
1732248785177 1.4535141168979175 6
1732248805753 1.3885445950324076 7
1732248826400 1.3258415680182607 8
1732248847789 1.2586415608723958 9
1732248869159 1.1946735716702646 10
1732248890679 1.1534693021523326 11
1732248911408 1.113260499218054 12
1732248932176 1.0858556460915951 13
1732248952962 1.0561414151860957 14
1732248973150 1.0348354086541294 15
1732248994316 1.009438925667813 16
1732249015234 0.9963756961780682 17
1732249036383 0.9749719741051657 18
1732249057521 0.9630851573065707 19
1732249079113 0.9494970090556563 20
1732249100226 0.9407930222519657 21
1732249120495 0.928724441611976 22
